0.002224058
0.004530433
0.007041073
0.010054755
0.013151516
0.016282576
0.019600371
0.023117858
0.027611706
0.032145949
0.036773942
0.041597816
0.046946836
0.052679236
0.058830837
0.066134102
0.074435068
0.08295097
0.091879977
0.101161114
0.111267698
0.122608261
0.134537231
0.146865587
0.159235101
0.172921672
0.18682013
0.201050902
0.215634565
0.232741064
0.251090688
0.270309204
0.290396611
0.310612066
0.331056176
0.352155004
0.373393312
0.39487552
0.419524609
0.447276558
0.476281539
0.505787277
0.535401245
0.565416123
0.604430129
0.647569085
0.690897062
0.746007671
0.811881867
0.892633169
1